     0     6     8
     0     6    10
     0     8    12
     0    10    12
     1     7     9
     1     7    11
     1     9    13
     1    11    13
     2     6     7
     2     6    10
     2     7    11
     2    10    11
     3     8     9
     3     8    12
     3     9    13
     3    12    13
     4     6     7
     4     6     8
     4     7     9
     4     8     9
     5    10    11
     5    10    12
     5    11    13
     5    12    13
    14    16    15
    14    16    17
    15    16    18
    17    16    18
    19    21    20
    19    21    22
    20    21    23
    22    21    23
